1.070000000000000000e+02
5.600000000000000000e+01
4.900000000000000000e+01
1.070000000000000000e+02
5.700000000000000000e+01
1.110000000000000000e+02
1.110000000000000000e+02
1.100000000000000000e+02
1.140000000000000000e+02
4.900000000000000000e+01
9.700000000000000000e+01
1.080000000000000000e+02
1.070000000000000000e+02
4.800000000000000000e+01
4.800000000000000000e+01
5.300000000000000000e+01
1.090000000000000000e+02
1.090000000000000000e+02
1.240000000000000000e+02
1.150000000000000000e+02
1.110000000000000000e+02
1.070000000000000000e+02
5.400000000000000000e+01
1.110000000000000000e+02
1.070000000000000000e+02
5.000000000000000000e+01
1.090000000000000000e+02
1.090000000000000000e+02
9.900000000000000000e+01
1.110000000000000000e+02
1.070000000000000000e+02
5.300000000000000000e+01
1.190000000000000000e+02
