4.500000000000000000e+01
4.500000000000000000e+01
1.180000000000000000e+02
5.700000000000000000e+01
4.300000000000000000e+01
1.150000000000000000e+02
4.500000000000000000e+01
5.300000000000000000e+01
1.110000000000000000e+02
1.180000000000000000e+02
5.100000000000000000e+01
4.300000000000000000e+01
1.150000000000000000e+02
1.110000000000000000e+02
5.100000000000000000e+01
1.090000000000000000e+02
9.900000000000000000e+01
3.200000000000000000e+01
1.180000000000000000e+02
1.110000000000000000e+02
5.200000000000000000e+01
1.110000000000000000e+02
4.900000000000000000e+01
1.190000000000000000e+02
