4.500000000000000000e+01
3.200000000000000000e+01
3.200000000000000000e+01
3.200000000000000000e+01
3.200000000000000000e+01
4.800000000000000000e+01
5.300000000000000000e+01
5.000000000000000000e+01
4.900000000000000000e+01
7.900000000000000000e+01
5.300000000000000000e+01
5.400000000000000000e+01
8.600000000000000000e+01
4.800000000000000000e+01
5.300000000000000000e+01
7.900000000000000000e+01
3.200000000000000000e+01
4.300000000000000000e+01
8.300000000000000000e+01
7.700000000000000000e+01
7.700000000000000000e+01
3.200000000000000000e+01
4.800000000000000000e+01
3.200000000000000000e+01
3.200000000000000000e+01
5.200000000000000000e+01
4.800000000000000000e+01
4.900000000000000000e+01
7.900000000000000000e+01
7.700000000000000000e+01
6.700000000000000000e+01
3.200000000000000000e+01
3.200000000000000000e+01
3.200000000000000000e+01
4.800000000000000000e+01
4.800000000000000000e+01
5.300000000000000000e+01
7.900000000000000000e+01
3.200000000000000000e+01
