3.200000000000000000e+01
3.200000000000000000e+01
4.800000000000000000e+01
5.500000000000000000e+01
7.900000000000000000e+01
1.070000000000000000e+02
4.800000000000000000e+01
4.900000000000000000e+01
1.090000000000000000e+02
5.100000000000000000e+01
7.900000000000000000e+01
1.070000000000000000e+02
3.200000000000000000e+01
8.300000000000000000e+01
7.700000000000000000e+01
3.200000000000000000e+01
7.900000000000000000e+01
1.070000000000000000e+02
5.200000000000000000e+01
7.900000000000000000e+01
1.070000000000000000e+02
5.300000000000000000e+01
1.070000000000000000e+02
5.100000000000000000e+01
7.900000000000000000e+01
7.700000000000000000e+01
6.700000000000000000e+01
