3.200000000000000000e+01
4.800000000000000000e+01
7.900000000000000000e+01
3.200000000000000000e+01
5.200000000000000000e+01
3.200000000000000000e+01
3.200000000000000000e+01
4.800000000000000000e+01
4.800000000000000000e+01
4.800000000000000000e+01
4.800000000000000000e+01
3.200000000000000000e+01
5.000000000000000000e+01
4.900000000000000000e+01
7.900000000000000000e+01
3.200000000000000000e+01
7.900000000000000000e+01
7.900000000000000000e+01
1.070000000000000000e+02
7.700000000000000000e+01
7.700000000000000000e+01
4.500000000000000000e+01
4.300000000000000000e+01
3.200000000000000000e+01
8.300000000000000000e+01
4.800000000000000000e+01
4.800000000000000000e+01
6.700000000000000000e+01
7.900000000000000000e+01
3.200000000000000000e+01
5.100000000000000000e+01
1.090000000000000000e+02
4.800000000000000000e+01
4.800000000000000000e+01
8.600000000000000000e+01
3.200000000000000000e+01
5.000000000000000000e+01
