3.200000000000000000e+01
5.400000000000000000e+01
1.110000000000000000e+02
3.200000000000000000e+01
4.800000000000000000e+01
4.900000000000000000e+01
1.110000000000000000e+02
5.200000000000000000e+01
4.900000000000000000e+01
1.110000000000000000e+02
4.800000000000000000e+01
4.500000000000000000e+01
1.090000000000000000e+02
3.200000000000000000e+01
4.800000000000000000e+01
1.180000000000000000e+02
4.800000000000000000e+01
5.200000000000000000e+01
5.000000000000000000e+01
4.300000000000000000e+01
3.200000000000000000e+01
8.300000000000000000e+01
1.110000000000000000e+02
5.200000000000000000e+01
4.800000000000000000e+01
4.900000000000000000e+01
1.140000000000000000e+02
1.080000000000000000e+02
4.800000000000000000e+01
1.140000000000000000e+02
3.200000000000000000e+01
3.200000000000000000e+01
3.200000000000000000e+01
9.700000000000000000e+01
5.200000000000000000e+01
1.090000000000000000e+02
1.090000000000000000e+02
9.900000000000000000e+01
1.140000000000000000e+02
1.080000000000000000e+02
5.300000000000000000e+01
